track_id,class_id,track_length,first_frame,last_frame
1,7,17,0,16
2,2,17,0,16
3,2,17,0,16
5,2,17,0,16
6,2,16,0,16
7,2,2,0,1
9,2,17,0,16
10,2,17,0,16
12,2,12,3,16
13,2,13,4,16
14,5,2,12,13
15,2,683,18,701
16,2,48,18,81
17,2,875,18,898
18,2,296,1834,2154
19,2,118,18,164
20,2,151,18,178
21,2,141,18,158
23,2,943,18,971
24,5,429,18,519
25,2,176,18,303
27,2,381,22,490
28,2,7,33,39
31,2,5,58,62
36,2,125,72,196
40,2,599,108,769
45,2,320,141,489
47,2,200,143,366
48,7,3,175,177
49,2,347,189,706
52,2,7,198,206
53,5,2,200,201
54,2,5,209,213
57,2,23,213,238
59,7,2,231,232
60,2,1923,231,2154
61,2,270,238,588
66,2,43,251,338
67,2,43,251,297
68,2,92,259,357
70,7,3,282,284
72,2,14,285,300
73,2,23,300,326
76,2,5,308,312
77,7,6,316,321
78,2,1,316,316
80,2,272,338,654
82,2,1221,349,1584
83,2,65,360,426
84,2,79,363,441
85,2,2,370,371
86,7,1,376,376
87,2,1243,380,1644
88,2,1,381,381
90,2,4,388,391
91,7,1,394,394
92,7,1,398,398
94,2,62,445,521
98,2,84,504,601
99,7,5,523,527
100,2,9,523,531
101,2,626,523,1396
102,7,1,531,531
104,5,6,571,576
105,2,1121,581,1741
106,2,2,588,589
107,2,27,590,631
112,2,1,613,613
113,2,48,615,662
115,2,55,620,674
117,2,14,641,856
122,7,1,633,633
123,2,852,633,1484
124,2,1,636,636
125,2,16,649,664
128,2,1,661,661
130,2,118,670,790
131,2,71,680,751
134,2,45,688,744
136,7,1001,695,1767
137,2,136,698,833
138,7,1,699,699
139,7,6,701,707
141,2,15,705,719
143,2,3,714,716
147,2,17,726,742
149,2,944,731,1681
150,2,1,737,737
152,2,11,754,766
153,2,12,755,766
154,7,6,764,769
155,2,5,768,773
156,2,92,770,861
158,2,2,776,777
159,2,1,778,778
160,2,7,780,786
161,2,62,782,846
162,2,863,789,1657
163,2,2,790,791
164,7,60,793,869
168,7,1,811,811
169,2,3,811,815
172,2,17,835,851
173,2,40,840,883
174,2,188,849,1036
175,2,92,850,941
178,2,32,870,915
179,2,201,884,1085
187,2,14,922,940
190,7,12,955,966
193,2,191,984,1174
194,7,1,988,988
195,2,164,992,1156
197,2,1,997,997
200,2,93,1019,1161
201,2,3,1020,1022
202,2,20,1022,1045
203,7,1,1026,1026
205,7,1,1030,1030
206,2,17,1034,1050
207,2,189,1038,1228
209,7,2,1041,1042
211,2,2,1048,1049
212,2,3,1049,1051
213,2,6,1052,1057
214,2,2,1054,1055
216,7,15,1068,1082
219,2,54,1084,1216
222,2,175,1096,1270
223,7,3,1096,1100
225,2,30,1098,1134
229,7,4,1126,1129
231,7,1,1132,1132
232,2,110,1145,1272
233,7,4,1146,1149
235,7,1,1151,1151
237,2,5,1161,1165
238,2,22,1161,1182
240,7,3,1184,1186
241,2,258,1188,1453
242,7,5,1191,1205
243,2,219,1194,1499
244,7,1,1209,1209
245,2,424,1212,1696
247,2,2,1234,1235
250,2,496,1277,1772
251,2,834,1321,2154
252,2,5,1339,1345
255,7,37,1398,1434
259,2,169,1422,1590
262,2,341,1427,1797
264,2,707,1441,2154
265,2,4,1461,1464
266,2,433,1461,1974
268,2,72,1484,1555
272,2,337,1496,1846
273,2,42,1498,1667
274,2,627,1508,2154
278,2,3,1529,1536
281,5,1,1535,1535
283,2,3,1538,1540
284,7,1,1541,1541
285,2,146,1546,1691
286,7,2,1551,1552
287,7,1,1556,1556
288,2,1,1556,1556
289,2,23,1559,1594
290,2,5,1561,1565
291,7,8,1564,1571
292,2,291,1564,1868
293,2,4,1930,1953
296,2,505,1573,2133
302,2,132,1579,1741
303,7,5,1581,1587
305,5,3,1582,1584
306,2,33,1590,1629
308,2,236,1592,1838
309,2,22,1596,1617
310,2,2,1607,1609
313,2,67,1616,1682
319,2,265,1631,1903
320,7,6,1632,1637
321,2,108,1636,1754
322,7,1,1642,1642
326,2,1,1649,1649
327,2,274,1651,1996
328,7,2,1653,1654
330,2,5,1659,1664
331,2,20,1667,1687
333,2,40,1716,1755
335,2,319,1726,2093
340,2,47,1761,1829
341,2,191,1763,1966
342,2,36,1771,1806
343,7,37,1771,1807
347,3,109,1799,1913
348,2,3,1804,1806
349,7,34,1816,1856
350,2,28,1816,1843
351,7,14,1818,1831
352,2,336,1819,2154
353,7,210,1821,2072
354,7,1,1833,1833
355,2,16,1846,1863
356,2,259,1845,2154
357,2,53,1848,1900
358,7,3,1855,1861
359,2,22,1857,1878
361,2,95,1895,1990
363,7,217,1918,2154
364,7,122,1918,2039
365,2,121,1918,2038
366,2,21,1921,1941
368,2,202,1930,2154
370,2,1,1936,1936
371,7,6,1938,1948
372,7,1,1948,1948
373,2,6,1985,1991
374,2,166,1989,2154
375,2,5,1995,2001
377,2,81,2003,2083
379,7,3,2008,2011
380,7,12,2015,2026
382,2,6,2031,2036
384,2,120,2035,2154
385,7,1,2043,2043
386,2,93,2062,2154
388,2,14,2074,2087
390,2,66,2089,2154
391,7,23,2089,2111
394,2,42,2113,2154
396,2,37,2117,2154
398,7,3,2123,2125
399,7,22,2132,2154
