track_id,class_id,track_length,first_frame,last_frame
1,7,17,0,16
2,2,17,0,16
3,2,17,0,16
5,2,17,0,16
6,2,16,0,16
7,2,2,0,1
9,2,17,0,16
10,2,17,0,16
12,2,12,3,16
13,2,13,4,16
14,5,2,12,13
15,2,683,18,701
16,2,48,18,81
17,2,875,18,898
18,2,296,1834,2154
19,2,118,18,164
20,2,151,18,178
21,2,141,18,158
23,2,943,18,971
24,5,429,18,519
25,2,176,18,303
27,2,381,22,490
28,2,7,33,39
31,2,5,58,62
36,2,125,72,196
40,2,599,108,769
45,2,320,141,489
46,2,200,143,366
47,7,3,175,177
48,2,347,189,706
51,2,7,198,206
52,5,2,200,201
53,2,5,209,213
56,2,23,213,238
58,7,2,231,232
59,2,1923,231,2154
60,2,269,238,588
65,2,43,251,338
66,2,43,251,297
67,2,90,259,357
69,7,3,282,284
71,2,14,285,300
72,2,23,300,326
75,2,5,308,312
76,7,6,316,321
77,2,1,316,316
79,2,272,338,654
81,2,1221,349,1584
82,2,65,360,426
83,2,79,363,441
84,2,2,370,371
85,7,1,376,376
86,2,1243,380,1644
87,2,1,381,381
89,2,4,388,391
90,7,1,394,394
91,7,1,398,398
93,2,62,445,521
96,2,84,504,601
97,7,5,523,527
98,2,9,523,531
99,2,626,523,1396
100,7,1,531,531
102,5,6,571,576
103,2,1121,581,1741
104,2,2,588,589
105,2,27,590,631
110,2,1,613,613
111,2,48,615,662
113,2,55,620,674
115,2,14,641,856
120,7,1,633,633
121,2,923,633,1555
122,2,1,636,636
123,2,16,649,664
126,2,1,661,661
128,2,118,670,790
129,2,71,680,751
132,2,44,688,731
134,7,1001,695,1767
135,2,136,698,833
136,7,1,699,699
137,7,6,701,707
139,2,15,705,719
141,2,3,714,716
144,2,17,726,742
146,2,940,731,1681
147,2,1,737,737
149,2,11,754,766
150,2,12,755,766
151,7,6,764,769
152,2,5,768,773
153,2,92,770,861
155,2,2,776,777
156,2,1,778,778
157,2,7,780,786
158,2,62,782,846
159,2,863,789,1657
160,2,2,790,791
161,7,60,793,869
165,7,1,811,811
166,2,3,811,815
169,2,17,835,851
170,2,40,840,883
171,2,188,849,1036
172,2,92,850,941
175,2,32,870,915
176,2,201,884,1085
184,2,14,922,940
187,7,12,955,966
190,2,191,984,1174
191,7,1,988,988
192,2,164,992,1156
194,2,1,997,997
197,2,92,1019,1161
198,2,3,1020,1022
199,2,20,1022,1045
200,7,1,1026,1026
202,7,1,1030,1030
203,2,17,1034,1050
204,2,189,1038,1228
206,7,2,1041,1042
208,2,2,1048,1049
209,2,3,1049,1051
210,2,6,1052,1057
211,2,2,1054,1055
213,7,15,1068,1082
217,2,175,1096,1270
218,7,3,1096,1100
220,2,30,1098,1134
224,7,4,1126,1129
226,2,19,1129,1203
228,7,1,1132,1132
229,2,110,1145,1272
230,7,4,1146,1149
232,7,1,1151,1151
234,2,5,1161,1165
235,2,22,1161,1182
237,7,3,1184,1186
238,2,258,1188,1453
239,7,5,1191,1205
240,2,219,1194,1499
241,7,1,1209,1209
242,2,424,1212,1696
244,2,2,1234,1235
247,2,496,1277,1772
248,2,834,1321,2154
249,2,5,1339,1345
252,7,37,1398,1434
256,2,169,1422,1590
259,2,341,1427,1797
261,2,707,1441,2154
262,2,4,1461,1464
263,2,433,1461,1974
268,2,337,1496,1846
269,2,42,1498,1667
270,2,627,1508,2154
274,2,3,1529,1536
277,5,1,1535,1535
279,2,3,1538,1540
280,7,1,1541,1541
281,2,146,1546,1691
282,7,2,1551,1552
283,7,1,1556,1556
284,2,1,1556,1556
285,2,23,1559,1594
286,2,5,1561,1565
287,7,8,1564,1571
288,2,291,1564,1868
289,2,4,1930,1953
292,2,505,1573,2133
298,2,132,1579,1741
299,7,5,1581,1587
301,5,3,1582,1584
302,2,33,1590,1629
304,2,236,1592,1833
305,2,22,1596,1617
306,2,2,1607,1609
309,2,67,1616,1682
315,2,265,1631,1903
316,7,6,1632,1637
317,2,108,1636,1754
318,7,1,1642,1642
322,2,1,1649,1649
323,2,274,1651,1996
324,7,2,1653,1654
326,2,5,1659,1664
327,2,20,1667,1687
329,2,40,1716,1755
330,2,319,1726,2093
335,2,47,1761,1829
336,2,190,1763,1966
337,2,36,1771,1806
338,7,37,1771,1807
342,3,109,1799,1913
343,2,3,1804,1806
344,7,34,1816,1856
345,2,28,1816,1843
346,7,14,1818,1831
347,2,336,1819,2154
348,7,303,1821,2154
349,7,1,1833,1833
350,2,16,1846,1863
351,2,259,1845,2154
352,2,53,1848,1900
353,7,3,1855,1861
354,2,22,1857,1878
356,2,95,1895,1990
358,7,122,1918,2039
359,2,121,1918,2038
360,2,21,1921,1941
362,2,202,1930,2154
364,2,1,1936,1936
365,7,6,1938,1948
366,7,101,1945,2072
367,7,1,1948,1948
368,2,6,1985,1991
369,2,166,1989,2154
370,2,5,1995,2001
372,2,81,2003,2083
374,7,3,2008,2011
375,7,12,2015,2026
377,2,6,2031,2036
379,2,120,2035,2154
380,7,1,2043,2043
381,2,93,2062,2154
383,2,14,2074,2087
385,2,66,2089,2154
386,7,23,2089,2111
389,2,42,2113,2154
391,2,37,2117,2154
393,7,3,2123,2125
394,7,22,2132,2154
