track_id,class_id,track_length,first_frame,last_frame
1,7,17,0,16
2,2,17,0,16
3,2,17,0,16
5,2,17,0,16
6,2,16,0,16
7,2,2,0,1
9,2,17,0,16
10,2,17,0,16
12,2,12,3,16
13,2,13,4,16
14,5,2,12,13
15,2,683,18,701
16,2,48,18,81
17,2,875,18,898
18,2,284,1834,2154
19,2,117,18,164
20,2,146,18,178
21,2,141,18,158
23,2,943,18,971
24,5,414,18,519
25,2,176,18,303
27,2,370,22,487
28,2,7,33,39
31,2,5,58,62
36,2,125,72,196
40,2,597,108,769
45,2,319,141,489
47,2,199,143,366
48,7,2,175,176
49,2,344,189,706
52,2,7,198,206
53,5,2,200,201
54,2,5,209,213
57,2,21,213,238
59,7,2,231,232
60,2,1919,231,2154
61,2,270,238,588
66,2,38,251,338
67,2,42,251,297
68,2,92,259,357
70,7,3,282,284
72,2,14,285,300
73,2,22,300,326
77,2,5,308,312
78,7,6,316,321
79,2,1,316,316
81,2,268,338,642
83,2,1221,349,1584
84,2,65,360,426
85,2,79,363,441
86,2,2,370,371
87,7,1,376,376
88,2,1243,380,1644
89,2,1,381,381
91,2,4,388,391
92,7,1,394,394
93,7,1,398,398
95,2,60,445,521
99,2,80,504,600
100,7,5,523,527
101,2,9,523,531
102,2,558,523,1391
103,7,1,531,531
105,5,6,571,576
106,2,1120,581,1741
107,2,2,588,589
108,2,23,590,631
113,2,1,613,613
114,2,48,615,662
116,2,55,620,674
118,2,13,641,856
123,7,1,633,633
124,2,851,633,1484
125,2,1,636,636
126,2,16,649,664
129,2,1,661,661
131,2,118,670,790
132,2,71,680,751
135,2,44,688,731
137,7,992,695,1767
138,2,136,698,833
139,7,1,699,699
140,7,6,701,707
142,2,15,705,719
144,2,3,714,716
148,2,17,726,742
150,2,940,731,1681
151,2,1,737,737
153,2,11,754,766
154,2,12,755,766
155,7,6,764,769
156,2,5,768,773
157,2,91,770,861
159,2,2,776,777
160,2,1,778,778
161,2,7,780,786
162,2,62,782,846
163,2,855,789,1657
164,2,2,790,791
165,7,55,793,868
169,7,1,811,811
170,2,3,811,815
173,2,17,835,851
174,2,38,840,883
175,2,188,849,1036
176,2,92,850,941
179,2,25,870,915
180,2,201,884,1085
188,2,12,922,936
191,7,12,955,966
194,2,191,984,1174
195,7,1,988,988
196,2,163,992,1155
198,2,1,997,997
201,2,82,1019,1161
202,2,3,1020,1022
203,2,20,1022,1045
204,7,1,1026,1026
206,7,1,1030,1030
207,2,17,1034,1050
208,2,188,1038,1227
210,7,2,1041,1042
212,2,2,1048,1049
213,2,3,1049,1051
214,2,6,1052,1057
215,2,2,1054,1055
217,7,15,1068,1082
220,2,52,1084,1216
223,2,175,1096,1270
224,7,3,1096,1100
226,2,30,1098,1134
231,7,4,1126,1129
233,7,1,1132,1132
234,2,95,1145,1266
235,7,4,1146,1149
237,7,1,1151,1151
239,2,5,1161,1165
240,2,22,1161,1182
242,7,3,1184,1186
243,2,258,1188,1453
244,7,5,1191,1205
245,2,196,1194,1498
246,7,1,1209,1209
247,2,423,1212,1696
249,7,1,1234,1234
253,2,496,1277,1772
254,2,834,1321,2154
255,2,3,1339,1345
258,7,37,1398,1434
262,2,168,1422,1589
265,2,342,1427,1809
267,2,707,1441,2154
268,2,4,1461,1464
269,2,427,1461,1974
271,2,72,1484,1555
275,2,334,1496,1846
276,2,40,1498,1666
277,2,627,1508,2154
281,2,3,1529,1536
284,5,1,1535,1535
286,2,3,1538,1540
287,7,1,1541,1541
288,2,145,1546,1691
289,7,2,1551,1552
290,7,1,1556,1556
291,2,1,1556,1556
292,2,21,1559,1594
293,2,5,1561,1565
294,7,8,1564,1571
295,2,290,1564,1868
296,2,1,1934,1934
299,2,499,1573,2133
305,2,129,1579,1741
306,7,5,1581,1587
308,5,3,1582,1584
309,2,32,1590,1629
311,2,232,1592,1838
312,2,22,1596,1617
313,2,2,1607,1609
316,2,27,1616,1642
322,2,263,1631,1903
323,7,6,1632,1637
324,2,108,1636,1754
325,7,1,1642,1642
327,7,37,1646,1682
330,2,1,1649,1649
331,2,270,1651,1996
332,7,2,1653,1654
334,2,5,1659,1664
335,2,20,1667,1687
337,2,40,1716,1755
339,2,319,1726,2093
344,2,47,1761,1829
345,2,191,1763,1966
346,2,36,1771,1806
347,7,37,1771,1807
351,3,109,1799,1913
352,2,3,1804,1806
353,7,34,1816,1856
354,2,28,1816,1843
355,7,2,1818,1819
356,2,336,1819,2154
357,7,192,1821,2072
358,7,3,1827,1829
359,7,1,1833,1833
360,2,16,1846,1863
361,2,239,1845,2154
362,2,53,1848,1900
363,7,3,1855,1861
364,2,22,1857,1878
366,2,94,1895,1990
368,7,214,1918,2154
369,7,122,1918,2039
370,2,121,1918,2038
371,2,21,1921,1941
373,2,200,1930,2154
375,2,1,1936,1936
376,7,6,1938,1948
377,7,1,1948,1948
378,2,6,1985,1991
379,2,166,1989,2154
380,2,5,1995,2001
382,2,81,2003,2083
384,7,3,2008,2011
385,7,12,2015,2026
387,2,6,2031,2036
389,2,120,2035,2154
390,7,1,2043,2043
391,2,93,2062,2154
393,2,14,2074,2087
395,2,66,2089,2154
396,7,23,2089,2111
399,2,42,2113,2154
401,2,37,2117,2154
403,7,3,2123,2125
404,7,22,2132,2154
