track_id,class_id,track_length,first_frame,last_frame
1,7,17,0,16
2,2,17,0,16
3,2,17,0,16
5,2,17,0,16
6,2,16,0,16
7,2,2,0,1
9,2,17,0,16
10,2,17,0,16
12,2,12,3,16
13,2,13,4,16
14,5,2,12,13
15,2,683,18,701
16,2,48,18,81
17,2,875,18,898
18,2,284,1834,2154
19,2,117,18,164
20,2,146,18,178
21,2,141,18,158
23,2,943,18,971
24,5,414,18,519
25,2,176,18,303
27,2,370,22,487
28,2,7,33,39
31,2,5,58,62
36,2,125,72,196
40,2,597,108,769
45,2,319,141,489
46,2,199,143,366
47,7,2,175,176
48,2,344,189,706
51,2,7,198,206
52,5,2,200,201
53,2,5,209,213
56,2,21,213,238
58,7,2,231,232
59,2,1919,231,2154
60,2,269,238,588
65,2,38,251,338
66,2,42,251,297
67,2,90,259,357
69,7,3,282,284
71,2,14,285,300
72,2,22,300,326
76,2,5,308,312
77,7,6,316,321
78,2,1,316,316
80,2,268,338,642
82,2,1221,349,1584
83,2,65,360,426
84,2,79,363,441
85,2,2,370,371
86,7,1,376,376
87,2,1243,380,1644
88,2,1,381,381
90,2,4,388,391
91,7,1,394,394
92,7,1,398,398
94,2,60,445,521
97,2,80,504,600
98,7,5,523,527
99,2,9,523,531
100,2,558,523,1391
101,7,1,531,531
103,5,6,571,576
104,2,1120,581,1741
105,2,2,588,589
106,2,23,590,631
111,2,1,613,613
112,2,48,615,662
114,2,55,620,674
116,2,13,641,856
121,7,1,633,633
122,2,922,633,1555
123,2,1,636,636
124,2,16,649,664
127,2,1,661,661
129,2,118,670,790
130,2,71,680,751
133,2,44,688,731
135,7,992,695,1767
136,2,136,698,833
137,7,1,699,699
138,7,6,701,707
140,2,15,705,719
142,2,3,714,716
145,2,17,726,742
147,2,939,731,1681
148,2,1,737,737
150,2,11,754,766
151,2,12,755,766
152,7,6,764,769
153,2,5,768,773
154,2,91,770,861
156,2,2,776,777
157,2,1,778,778
158,2,7,780,786
159,2,62,782,846
160,2,855,789,1657
161,2,2,790,791
162,7,55,793,868
166,7,1,811,811
167,2,3,811,815
170,2,17,835,851
171,2,38,840,883
172,2,188,849,1036
173,2,92,850,941
176,2,25,870,915
177,2,201,884,1085
185,2,12,922,936
188,7,12,955,966
191,2,191,984,1174
192,7,1,988,988
193,2,163,992,1155
195,2,1,997,997
198,2,81,1019,1161
199,2,3,1020,1022
200,2,20,1022,1045
201,7,1,1026,1026
203,7,1,1030,1030
204,2,17,1034,1050
205,2,188,1038,1227
207,7,2,1041,1042
209,2,2,1048,1049
210,2,3,1049,1051
211,2,6,1052,1057
212,2,2,1054,1055
214,7,15,1068,1082
218,2,175,1096,1270
219,7,3,1096,1100
221,2,30,1098,1134
226,7,4,1126,1129
228,2,15,1129,1203
230,7,1,1132,1132
231,2,95,1145,1266
232,7,4,1146,1149
234,7,1,1151,1151
236,2,5,1161,1165
237,2,22,1161,1182
239,7,3,1184,1186
240,2,258,1188,1453
241,7,5,1191,1205
242,2,196,1194,1498
243,7,1,1209,1209
244,2,423,1212,1696
246,7,1,1234,1234
250,2,496,1277,1772
251,2,834,1321,2154
252,2,3,1339,1345
255,7,37,1398,1434
259,2,168,1422,1589
262,2,342,1427,1809
264,2,707,1441,2154
265,2,4,1461,1464
266,2,427,1461,1974
271,2,334,1496,1846
272,2,40,1498,1666
273,2,627,1508,2154
277,2,3,1529,1536
280,5,1,1535,1535
282,2,3,1538,1540
283,7,1,1541,1541
284,2,145,1546,1691
285,7,2,1551,1552
286,7,1,1556,1556
287,2,1,1556,1556
288,2,21,1559,1594
289,2,5,1561,1565
290,7,8,1564,1571
291,2,290,1564,1868
292,2,1,1934,1934
295,2,499,1573,2133
301,2,129,1579,1741
302,7,5,1581,1587
304,5,3,1582,1584
305,2,32,1590,1629
307,2,226,1592,1824
308,2,22,1596,1617
309,2,2,1607,1609
312,2,27,1616,1642
318,2,263,1631,1903
319,7,6,1632,1637
320,2,108,1636,1754
321,7,1,1642,1642
323,7,37,1646,1682
326,2,1,1649,1649
327,2,270,1651,1996
328,7,2,1653,1654
330,2,5,1659,1664
331,2,20,1667,1687
333,2,40,1716,1755
334,2,319,1726,2093
339,2,47,1761,1829
340,2,190,1763,1966
341,2,36,1771,1806
342,7,37,1771,1807
346,3,109,1799,1913
347,2,3,1804,1806
348,7,34,1816,1856
349,2,28,1816,1843
350,7,2,1818,1819
351,2,336,1819,2154
352,7,292,1821,2154
353,7,3,1827,1829
354,7,1,1833,1833
355,2,16,1846,1863
356,2,239,1845,2154
357,2,53,1848,1900
358,7,3,1855,1861
359,2,22,1857,1878
361,2,94,1895,1990
363,7,122,1918,2039
364,2,121,1918,2038
365,2,21,1921,1941
367,2,200,1930,2154
369,2,1,1936,1936
370,7,6,1938,1948
371,7,89,1945,2072
372,7,1,1948,1948
373,2,6,1985,1991
374,2,166,1989,2154
375,2,5,1995,2001
377,2,81,2003,2083
379,7,3,2008,2011
380,7,12,2015,2026
382,2,6,2031,2036
384,2,120,2035,2154
385,7,1,2043,2043
386,2,93,2062,2154
388,2,14,2074,2087
390,2,66,2089,2154
391,7,23,2089,2111
394,2,42,2113,2154
396,2,37,2117,2154
398,7,3,2123,2125
399,7,22,2132,2154
