track_id,class_id,track_length,first_frame,last_frame
1,7,17,0,16
2,2,17,0,16
3,2,17,0,16
5,2,17,0,16
6,2,11,0,10
7,2,2,0,1
9,2,17,0,16
10,2,17,0,16
12,2,17,0,16
13,2,3,14,16
14,5,2,12,13
15,2,5,12,16
18,2,594,18,611
19,2,24,18,41
20,2,774,18,791
22,2,56,18,74
23,2,136,18,176
24,2,140,18,158
26,2,932,18,970
27,7,262,18,341
28,2,167,18,213
33,2,283,22,328
36,2,1,33,33
45,7,5,58,62
46,2,22,58,79
49,2,8,61,78
53,7,2,68,70
56,2,12,72,83
58,7,3,74,76
59,2,7,74,83
76,2,1,81,81
78,2,21,82,107
81,2,109,85,193
105,2,566,108,727
108,2,17,117,158
112,2,7,120,126
130,2,220,141,373
133,2,15,142,156
135,7,1,146,146
141,5,1,152,152
165,7,6,170,176
181,2,174,181,364
189,5,12,189,200
200,2,1,196,196
204,2,6,198,203
205,2,321,200,567
216,7,8,209,219
221,2,13,213,236
226,7,1,221,221
235,7,2,231,232
236,2,1875,231,2154
244,2,39,236,288
245,2,256,238,532
246,2,6,239,247
259,2,13,250,266
268,2,9,258,266
280,2,1,271,271
290,2,64,279,346
292,7,2,282,283
296,2,12,285,296
298,2,1,286,286
311,2,19,300,326
312,7,1,300,300
324,2,5,308,312
329,2,1,314,314
334,2,6,316,321
335,2,1,316,316
342,7,3,321,323
354,2,6,326,334
370,2,250,338,636
390,2,1218,349,1582
397,2,12,351,366
403,7,101,358,495
411,2,63,360,425
414,2,79,363,441
415,2,1,366,366
421,2,2,370,371
423,2,35,372,430
429,7,1,376,376
430,2,1,378,378
432,2,16,379,396
434,2,1,381,381
439,2,62,384,456
449,2,4,388,391
455,7,1,394,394
459,7,1,398,398
468,7,1,406,406
491,2,1199,425,1643
509,2,52,439,521
523,2,18,467,489
545,2,1,484,484
546,2,30,484,526
562,2,71,503,598
576,2,10,519,529
577,7,8,520,527
581,7,1,531,531
596,2,1,548,548
632,5,4,570,574
653,2,301,578,1070
654,2,1106,580,1739
658,2,2,588,589
663,2,13,590,603
679,2,95,606,729
684,2,1,613,613
685,2,88,614,701
690,2,55,620,674
693,2,2,623,642
695,2,852,622,1481
698,7,1,633,633
699,2,1,636,636
703,7,9,643,651
707,2,11,648,658
710,5,8,655,663
715,2,3,660,662
718,2,1,661,661
726,2,116,670,788
734,2,70,679,748
741,7,132,682,868
765,2,19,698,716
766,2,1,702,702
768,7,1,699,699
772,2,17,715,869
773,7,6,701,707
777,2,17,702,718
793,2,2,710,711
796,2,115,714,829
803,5,2,721,723
805,7,8,725,732
807,2,90,731,827
809,2,3,735,737
811,2,6,737,742
814,7,2,746,747
822,2,6,755,762
823,2,10,755,764
830,7,2,761,762
836,7,6,764,769
843,2,1,766,766
846,2,5,768,773
848,2,89,770,859
854,2,5,773,777
855,7,477,775,1267
860,2,1,778,778
863,2,243,782,1035
866,2,7,780,786
871,2,798,784,1657
872,2,2,790,791
873,7,1,790,790
883,2,8,795,806
885,2,724,796,1560
887,2,100,797,896
892,7,1,811,811
899,2,1,824,824
902,5,1,826,826
915,2,17,835,851
917,2,24,840,878
927,2,1,846,846
933,2,89,850,938
941,2,1,861,861
946,2,11,868,879
952,2,195,883,1085
985,2,27,917,966
989,2,9,920,934
998,2,1,940,940
1016,2,190,983,1172
1017,7,1,988,988
1019,2,157,992,1152
1024,2,1,997,997
1031,2,27,1019,1049
1033,2,3,1020,1022
1036,2,17,1022,1045
1044,7,1,1026,1026
1054,7,1,1030,1030
1059,2,17,1032,1049
1062,2,184,1038,1227
1064,2,2,1041,1042
1067,2,2,1048,1049
1068,2,6,1049,1055
1069,2,6,1052,1057
1071,2,15,1068,1082
1103,2,175,1096,1270
1104,7,3,1096,1100
1105,2,26,1096,1121
1110,2,16,1101,1117
1127,2,14,1119,1176
1135,7,4,1126,1129
1145,7,1,1132,1132
1161,2,56,1144,1220
1163,7,4,1146,1149
1165,7,1,1151,1151
1166,7,1,1151,1151
1181,2,23,1159,1181
1185,7,5,1161,1165
1190,2,1,1174,1174
1193,2,11,1184,1194
1194,2,257,1188,1444
1195,2,22,1193,1245
1198,2,15,1201,1233
1201,2,1,1203,1203
1210,7,1,1209,1209
1214,2,364,1210,1576
1221,2,4,1217,1220
1232,7,3,1233,1237
1268,2,27,1254,1291
1280,2,37,1268,1391
1291,2,496,1277,1772
1319,7,309,1293,1645
1329,2,10,1299,1309
1353,2,10,1319,1339
1354,2,835,1320,2154
1364,7,2,1338,1339
1368,7,2,1344,1345
1372,2,3,1354,1356
1373,2,4,1358,1361
1385,2,35,1398,1432
1416,2,168,1422,1589
1418,2,4,1422,1425
1425,2,342,1425,1772
1447,2,703,1441,2154
1450,2,1,1453,1453
1459,2,404,1460,1975
1461,2,4,1461,1464
1478,7,4,1476,1479
1483,2,4,1479,1484
1492,2,70,1484,1555
1497,2,8,1486,1494
1515,2,233,1496,1747
1516,7,4,1496,1499
1518,2,21,1498,1579
1526,7,2,1504,1505
1534,2,624,1507,2154
1563,2,3,1519,1521
1573,2,1,1562,1562
1583,2,2,1529,1530
1585,7,3,1530,1532
1591,5,1,1535,1535
1592,7,1,1535,1535
1598,2,3,1538,1540
1601,5,3,1539,1541
1611,2,142,1546,1691
1615,7,2,1551,1552
1620,2,18,1553,1592
1621,7,1,1556,1556
1622,2,1,1556,1556
1628,7,3,1559,1561
1636,7,5,1561,1565
1639,7,8,1564,1571
1640,2,10,1564,1577
1646,2,472,1566,2098
1652,7,1,1569,1569
1657,2,10,1573,1582
1660,2,51,1574,1627
1666,2,30,1581,1627
1670,7,475,1577,2154
1672,2,119,1579,1707
1675,7,5,1581,1587
1677,7,8,1582,1589
1682,2,94,1584,1679
1683,2,1,1584,1584
1694,2,1,1591,1591
1702,2,160,1594,1754
1703,7,3,1594,1596
1708,2,21,1596,1616
1730,7,3,1606,1609
1731,7,1,1607,1607
1733,7,11,1609,1619
1734,7,1,1612,1612
1737,2,22,1614,1635
1757,2,8,1622,1632
1769,7,1,1627,1627
1775,2,7,1631,1637
1777,2,105,1636,1752
1779,7,1,1639,1639
1781,7,1,1642,1642
1785,7,35,1646,1680
1786,2,249,1646,1903
1791,2,1,1649,1649
1795,2,220,1651,1876
1798,7,2,1653,1654
1800,7,1,1654,1654
1811,2,5,1659,1664
1828,2,17,1666,1682
1832,7,31,1667,1702
1851,7,11,1689,1699
1855,7,8,1697,1704
1856,2,6,1701,1706
1864,7,15,1716,1730
1865,2,8,1721,1730
1867,7,1,1722,1722
1870,2,301,1726,2051
1878,2,21,1735,1755
1880,7,11,1737,1766
1882,2,2,1739,1741
1883,2,51,1739,1794
1889,2,3,1745,1748
1894,2,97,1749,1858
1896,2,95,1752,1846
1902,2,1,1754,1754
1906,2,12,1755,1766
1919,2,37,1770,1806
1920,2,96,1770,1865
1921,2,37,1771,1807
1925,2,3,1774,1776
1936,2,2,1779,1782
1938,2,1,1779,1779
1944,2,2,1783,1784
1956,2,2,1788,1789
1971,7,1,1791,1791
1978,7,33,1799,1856
1980,2,1,1799,1799
1984,2,30,1804,1858
1989,2,1,1809,1809
1992,2,2,1813,1814
1997,3,100,1814,1913
1999,2,27,1816,1842
2000,7,4,1816,1819
2001,2,337,1818,2154
2002,2,6,1821,1833
2007,7,1,1823,1823
2010,7,3,1826,1828
2014,2,3,1831,1833
2015,7,1,1833,1833
2033,2,35,1841,1875
2039,2,15,1843,1859
2045,2,212,1844,2154
2052,7,2,1853,1859
2053,2,2,1855,1856
2054,2,20,1857,1876
2074,2,1,1868,1868
2076,2,1,1871,1871
2078,2,234,1873,2154
2085,2,89,1878,1966
2086,2,46,1878,1940
2087,7,2,1878,1879
2088,2,1,1878,1878
2093,7,18,1883,1900
2102,2,1,1898,1898
2106,2,96,1893,1990
2117,7,128,1909,2036
2136,2,120,1917,2036
2149,2,19,1921,1939
2154,2,1,1923,1923
2165,2,7,1929,1938
2167,2,190,1933,2154
2173,2,1,1936,1936
2183,2,1,1941,1941
2185,7,74,1945,2072
2188,7,1,1948,1948
2235,2,6,1985,1991
2239,2,164,1988,2154
2249,2,5,1995,2001
2254,2,3,2003,2006
2256,7,3,2008,2011
2257,2,75,2008,2083
2258,7,11,2015,2026
2270,2,7,2030,2036
2277,2,120,2035,2154
2280,2,1,2038,2038
2283,2,1,2040,2040
2285,7,1,2043,2043
2311,2,94,2061,2154
2315,7,19,2062,2080
2322,2,19,2069,2087
2331,2,4,2074,2099
2334,2,2,2078,2079
2342,7,28,2084,2111
2345,2,67,2088,2154
2358,2,3,2132,2134
2361,2,42,2113,2154
2363,7,1,2115,2115
2365,2,36,2116,2154
2374,7,3,2123,2125
2378,7,21,2132,2154
