track_id,class_id,track_length,first_frame,last_frame
1,7,17,0,16
2,2,17,0,16
3,2,17,0,16
5,2,17,0,16
6,2,11,0,10
7,2,2,0,1
9,2,17,0,16
10,2,17,0,16
12,2,17,0,16
13,2,3,14,16
14,5,2,12,13
15,2,5,12,16
18,2,594,18,611
19,2,24,18,41
20,2,774,18,791
22,2,56,18,74
23,2,136,18,176
24,2,140,18,158
26,2,932,18,970
27,7,262,18,341
28,2,167,18,213
33,2,283,22,328
36,2,1,33,33
46,7,5,58,62
47,2,22,58,79
50,2,8,61,78
54,7,2,68,70
57,2,12,72,83
59,7,3,74,76
60,2,7,74,83
77,2,1,81,81
79,2,21,82,107
82,2,109,85,193
106,2,566,108,727
109,2,17,117,158
113,2,7,120,126
131,2,220,141,373
134,2,15,142,156
137,7,1,146,146
143,5,1,152,152
167,7,6,170,176
183,2,174,181,364
191,5,12,189,200
202,2,1,196,196
206,2,6,198,203
207,2,321,200,567
218,7,8,209,219
223,2,13,213,236
228,7,1,221,221
237,7,2,231,232
238,2,1875,231,2154
246,2,39,236,288
247,2,256,238,532
248,2,6,239,247
261,2,13,250,266
270,2,9,258,266
282,2,1,271,271
292,2,66,279,346
294,7,2,282,283
298,2,12,285,296
300,2,1,286,286
315,2,19,300,326
316,7,1,300,300
328,2,5,308,312
333,2,1,314,314
338,2,6,316,321
339,2,1,316,316
346,7,3,321,323
358,2,6,326,334
374,2,250,338,636
395,2,1218,349,1582
402,2,12,351,366
408,7,101,358,495
416,2,63,360,425
419,2,79,363,441
420,2,1,366,366
427,2,2,370,371
429,2,35,372,430
435,7,1,376,376
436,2,1,378,378
438,2,16,379,396
440,2,1,381,381
445,2,62,384,456
455,2,4,388,391
461,7,1,394,394
465,7,1,398,398
474,7,1,406,406
497,2,1199,425,1643
515,2,52,439,521
530,2,18,467,489
552,2,1,484,484
553,2,30,484,526
569,2,71,503,598
583,2,10,519,529
584,7,8,520,527
588,7,1,531,531
603,2,1,548,548
639,5,4,570,574
660,2,301,578,1070
661,2,1106,580,1739
665,2,2,588,589
670,2,13,590,603
686,2,95,606,729
693,2,1,613,613
694,2,88,614,701
699,2,55,620,674
702,2,2,623,642
704,2,852,622,1481
707,7,1,633,633
708,2,1,636,636
712,7,9,643,651
716,2,11,648,658
719,5,8,655,663
724,2,3,660,662
727,2,1,661,661
735,2,116,670,788
743,2,70,679,748
750,7,133,682,868
775,2,19,698,716
776,2,1,702,702
778,7,1,699,699
782,2,17,715,869
783,7,6,701,707
787,2,17,702,718
803,2,2,710,711
806,2,115,714,829
813,5,2,721,723
815,7,8,725,732
817,2,805,731,1560
819,2,3,735,737
821,2,6,737,742
824,7,2,746,747
832,2,6,755,762
833,2,10,755,764
840,7,2,761,762
846,7,6,764,769
853,2,1,766,766
856,2,5,768,773
858,2,89,770,859
864,2,5,773,777
865,7,477,775,1267
870,2,1,778,778
873,2,243,782,1035
876,2,7,780,786
881,2,799,784,1657
882,2,2,790,791
883,7,1,790,790
893,2,8,795,806
895,2,11,796,843
897,2,100,797,896
901,7,1,811,811
908,2,1,824,824
911,5,1,826,826
924,2,17,835,851
926,2,24,840,878
936,2,1,846,846
942,2,89,850,938
950,2,1,861,861
955,2,11,868,879
961,2,195,883,1085
994,2,27,917,966
998,2,9,920,934
1007,2,1,940,940
1025,2,190,983,1172
1026,7,1,988,988
1028,2,157,992,1152
1033,2,1,997,997
1040,2,27,1019,1049
1042,2,3,1020,1022
1045,2,17,1022,1045
1053,7,1,1026,1026
1063,7,1,1030,1030
1068,2,17,1032,1049
1071,2,184,1038,1227
1073,2,2,1041,1042
1076,2,2,1048,1049
1077,2,6,1049,1055
1078,2,6,1052,1057
1080,2,15,1068,1082
1098,2,43,1084,1214
1114,2,175,1096,1270
1115,7,3,1096,1100
1116,2,26,1096,1121
1121,2,17,1101,1117
1152,7,4,1126,1129
1162,7,1,1132,1132
1178,2,56,1144,1220
1180,7,4,1146,1149
1182,7,1,1151,1151
1183,7,1,1151,1151
1198,2,23,1159,1181
1202,7,5,1161,1165
1207,2,1,1174,1174
1210,2,11,1184,1194
1211,2,257,1188,1444
1212,2,22,1193,1245
1215,2,15,1201,1233
1226,7,1,1209,1209
1230,2,364,1210,1576
1237,2,4,1217,1220
1248,7,3,1233,1237
1284,2,27,1254,1291
1296,2,37,1268,1391
1307,2,496,1277,1772
1335,7,309,1293,1645
1345,2,10,1299,1309
1369,2,10,1319,1339
1370,2,835,1320,2154
1381,7,2,1338,1339
1386,7,2,1344,1345
1390,2,3,1354,1356
1391,2,4,1358,1361
1405,2,35,1398,1432
1436,2,168,1422,1589
1438,2,4,1422,1425
1445,2,342,1425,1772
1467,2,703,1441,2154
1473,2,1,1453,1453
1482,2,404,1460,1975
1484,2,4,1461,1464
1503,7,4,1476,1479
1508,2,4,1479,1484
1517,2,70,1484,1555
1522,2,8,1486,1494
1540,2,233,1496,1747
1541,7,4,1496,1499
1543,2,21,1498,1579
1551,7,2,1504,1505
1559,2,624,1507,2154
1588,2,3,1519,1521
1598,2,1,1562,1562
1609,2,2,1529,1530
1611,7,3,1530,1532
1617,5,1,1535,1535
1618,7,1,1535,1535
1624,2,3,1538,1540
1627,5,3,1539,1541
1637,2,142,1546,1691
1641,7,2,1551,1552
1646,2,18,1553,1592
1647,7,1,1556,1556
1648,2,1,1556,1556
1655,7,3,1559,1561
1663,7,5,1561,1565
1666,7,8,1564,1571
1667,2,10,1564,1577
1673,2,472,1566,2098
1679,7,1,1569,1569
1684,2,10,1573,1582
1687,2,51,1574,1627
1693,2,30,1581,1627
1697,7,355,1577,2072
1699,2,119,1579,1707
1704,7,5,1581,1587
1707,7,8,1582,1589
1712,2,94,1584,1679
1713,2,1,1584,1584
1724,2,1,1591,1591
1733,2,160,1594,1754
1734,7,3,1594,1596
1739,2,21,1596,1616
1761,7,3,1606,1609
1762,7,1,1607,1607
1764,7,11,1609,1619
1765,7,1,1612,1612
1768,2,22,1614,1635
1788,2,8,1622,1632
1800,7,1,1627,1627
1806,2,7,1631,1637
1808,2,105,1636,1752
1810,7,1,1639,1639
1812,7,1,1642,1642
1816,7,35,1646,1680
1817,2,249,1646,1903
1822,2,1,1649,1649
1826,2,220,1651,1876
1829,7,2,1653,1654
1831,7,1,1654,1654
1842,2,5,1659,1664
1859,2,17,1666,1682
1863,7,31,1667,1702
1882,7,11,1689,1699
1886,7,8,1697,1704
1887,2,6,1701,1706
1895,7,15,1716,1730
1897,2,8,1721,1730
1899,7,1,1722,1722
1902,2,301,1726,2051
1910,2,21,1735,1755
1912,7,11,1737,1766
1914,2,2,1739,1741
1915,2,51,1739,1794
1921,2,3,1745,1748
1926,2,97,1749,1858
1929,2,95,1752,1846
1935,2,1,1754,1754
1939,2,12,1755,1766
1952,2,37,1770,1806
1953,2,96,1770,1865
1954,2,37,1771,1807
1958,2,3,1774,1776
1970,2,2,1779,1782
1972,2,1,1779,1779
1978,2,2,1783,1784
1990,2,2,1788,1789
2005,7,1,1791,1791
2012,7,33,1799,1856
2014,2,1,1799,1799
2018,2,30,1804,1858
2023,2,1,1809,1809
2027,2,3,1812,1814
2032,3,100,1814,1913
2034,2,27,1816,1842
2035,7,4,1816,1819
2036,2,337,1818,2154
2037,2,6,1821,1833
2042,7,1,1823,1823
2045,7,3,1826,1828
2049,2,3,1831,1833
2050,7,1,1833,1833
2068,2,35,1841,1875
2074,2,15,1843,1859
2080,2,212,1844,2154
2087,7,2,1853,1859
2088,2,2,1855,1856
2089,2,20,1857,1876
2107,2,1,1868,1868
2109,2,1,1871,1871
2111,2,234,1873,2154
2118,2,89,1878,1966
2119,2,46,1878,1940
2120,7,2,1878,1879
2121,2,1,1878,1878
2126,7,18,1883,1900
2135,2,1,1898,1898
2139,2,96,1893,1990
2152,7,128,1909,2036
2164,7,214,1914,2154
2171,2,120,1917,2036
2183,2,19,1921,1939
2188,2,1,1923,1923
2199,2,7,1929,1938
2201,2,190,1933,2154
2207,2,1,1936,1936
2217,2,1,1941,1941
2221,7,1,1948,1948
2268,2,6,1985,1991
2272,2,164,1988,2154
2282,2,5,1995,2001
2287,2,3,2003,2006
2289,7,3,2008,2011
2290,2,75,2008,2083
2291,7,11,2015,2026
2303,2,7,2030,2036
2310,2,120,2035,2154
2313,2,1,2038,2038
2316,2,1,2040,2040
2318,7,1,2043,2043
2344,2,94,2061,2154
2348,7,19,2062,2080
2355,2,19,2069,2087
2364,2,4,2074,2099
2367,2,2,2078,2079
2375,7,28,2084,2111
2378,2,67,2088,2154
2391,2,3,2132,2134
2394,2,42,2113,2154
2396,7,1,2115,2115
2398,2,36,2116,2154
2407,7,3,2123,2125
2411,7,21,2132,2154
